task1_precision:0.09591439688715954
task1_recall:0.49647532729103727
task1_f1:0.1607696070438611
task2_unb:0.5960591133004927
task2_sha:0.2824207492795389
task2_pre:0.2930298719772404
task2_aut:0.32647462277091904
task2_met:0.26551226551226553
task2_com:0.47791164658634544
task2_the:0.046065259117082535
task2_avg:0.32678193264912636
