task1_precision:0.0958364591147787
task1_recall:0.5146022155085599
task1_f1:0.1615810276679842
task2_unb:0.6076986076986077
task2_sha:0.28488372093023256
task2_pre:0.3089887640449438
task2_aut:0.33942558746736295
task2_met:0.2849002849002849
task2_com:0.5143442622950819
task2_the:0.08348457350272231
task2_avg:0.3462465429770337
